900	0	0
899.999559944481	-0.889999854944657	0
899.996157280513	-2.62999625690551	0.23
899.989535798056	-4.33998317975124	0.72
899.980398071155	-5.93995687569393	1.43
899.969165453848	-7.4499149192987	2.36
899.956782345887	-8.81985882187794	3.46
899.943776363176	-10.0597905140215	4.7
899.929563363227	-11.2597062516044	6
899.914579129058	-12.3996076942585	7.34
899.898451687476	-13.5194915024026	8.69
899.881255722352	-14.6193570160705	10.07
899.862890092573	-15.7092022153618	11.45
899.843577642424	-16.7790278527503	12.84
899.823191567196	-17.8388317393503	14.25
899.801977039888	-18.8786152858037	15.67
899.779782259078	-19.9083760715747	17.1
899.756641579184	-20.928113487566	18.54
899.732589021166	-21.9378269951487	19.97
899.707403355597	-22.947512874614	21.42
899.681084614192	-23.9571698543814	22.86
899.653632830098	-24.9667966629062	24.3
899.625336608934	-25.9663961932118	25.74
899.59533027356	-26.9859546802424	27.18
899.564168458087	-28.0054785053171	28.62
899.531851202538	-29.0249663589145	30.05
899.498378548424	-30.044416931559	31.48
899.463060009339	-31.0838169894968	32.91
899.426540409591	-32.1231755409498	34.33
899.388451270302	-33.1724844051152	35.74
899.348757666377	-34.2317408839356	37.15
899.307816521529	-35.2909498778429	38.54
899.264819890289	-36.3700935891872	39.93
899.220112160302	-37.4591762644947	41.32
899.173657094414	-38.5581948158512	42.69
899.125418128097	-39.6671460528083	44.06
899.07581149229	-40.7760369516364	45.42
899.023906265671	-41.9048441449628	46.78
898.970583800195	-43.0335852786739	48.13
898.915353432669	-44.1722465244979	49.47
898.858177296362	-45.3208242142944	50.8
898.799533580082	-46.4693279080638	52.13
898.738363985318	-47.637727706031	53.45
898.675675522933	-48.8060469962496	54.76
898.61091297358	-49.9842683730454	56.07
898.544605701196	-51.1624038262791	57.37
898.47617220373	-52.350434402533	58.67
898.40557299984	-53.5483557434718	59.95
898.332768284361	-54.7561633659309	61.24
898.258339804922	-55.9638720149496	62.51
898.182287696054	-57.1714795075576	63.79
898.103314562722	-58.3989415268199	65.05
898.022663972238	-59.626294469854	66.31
897.940336075239	-60.8535360442377	67.57
897.855641184917	-62.0906401353802	68.81
897.768538225286	-63.3376015715321	70.06
897.679703459339	-64.5844408286882	71.29
897.588405545749	-65.8411287102508	72.53
897.495348359173	-67.0976875432222	73.75
897.39977253644	-68.364085977551	74.97
897.302409780556	-69.6303482829713	76.19
897.202472491432	-70.9064408587958	77.4
897.100720416773	-72.1823900110485	78.61
896.997153762395	-73.4581931588471	79.81
896.890111764158	-74.7537786314331	81.01
896.782043412845	-76.039243896053	82.2
896.67127345591	-77.3345159612206	83.38
896.557758948783	-78.6395884318858	84.56
896.442344957089	-79.9444942934474	85.74
896.325031725351	-81.2492307812777	86.91
896.2049021824	-82.5637529684503	88.08
896.082844803472	-83.8780975518484	89.24
895.958859851125	-85.1922617041712	90.4
895.831986356294	-86.5161962925837	91.55
895.702180464951	-87.8498941964835	92.7
895.571379861582	-89.1734465680367	93.85
895.437617910145	-90.5067535126831	94.99
895.300850463655	-91.8498076157861	96.12
895.162068590629	-93.1926550568607	97.26
895.021272603326	-94.5352928145007	98.38
894.878462818537	-95.8777178677718	99.51
894.732559280941	-97.2298686751008	100.63
894.584612660596	-98.581797462268	101.74
894.434623295332	-99.9335011422034	102.85
894.28146608381	-101.294913095337	103.96
894.126236679005	-102.656090331946	105.07
893.96777964065	-104.026962679713	106.17
893.808391814292	-105.387659250734	107.26
893.644560489929	-106.767970416052	108.35
893.479799137486	-108.13809936021	109.44
893.311720304761	-109.517899752272	110.52
893.141510648294	-110.897438910394	111.6
892.967922999925	-112.286635416691	112.67
892.792174590104	-113.67556021711	113.74
892.614265844099	-115.064209950797	114.8
892.432903219746	-116.462497185898	115.85
892.248040552688	-117.870412444722	116.9
892.062281995667	-119.268122483268	117.94
891.871652245126	-120.685359184741	118.98
891.680127541596	-122.092383658458	120.01
891.483638460771	-123.518914975587	121.03
891.284867182318	-124.94513008436	122.04
891.083814215093	-126.371025333669	123.05
890.879060056607	-127.806495737334	124.05
890.671993462543	-129.241634396433	125.05
890.462614970378	-130.676437585805	126.04
890.247989105965	-132.130684902435	127.01
890.032472476445	-133.57469048239	127.99
889.811613006226	-135.038118171347	128.95
889.589863935055	-136.491296367246	129.91
889.364208869104	-137.953992267836	130.66
889.134599662144	-139.426194395602	131.8
888.902553458549	-140.89801437519	132.74
888.668070894328	-142.369448172543	133.67
888.429554329636	-143.850363203034	134.6
888.188569905642	-145.330878649275	135.52
887.94348700371	-146.820856446532	136.43
887.695904596259	-148.310420952238	137.33
887.445823380219	-149.799567973362	138.23
887.191563023751	-151.298151011421	139.12
886.934772090863	-152.796302494955	140.01
886.675451314011	-154.294018150719	140.89
886.411870363778	-155.801142737111	141.77
886.147475493789	-157.297970984958	142.65
885.878788589122	-158.804193672177	143.52
885.607541495372	-160.309957415387	144.4
885.333734996444	-161.815257862932	145.26
885.057369883638	-163.320090664494	146.13
884.778446955648	-164.824451471107	147
884.496967018563	-166.328335935171	147.87
884.212930885859	-167.831739710459	148.74
883.9263393784	-169.334658452137	149.61
883.637193324436	-170.83708781677	150.48
883.345493559597	-172.339023462337	151.35
883.051240926898	-173.840461048247	152.22
882.754436276726	-175.341396235345	153.1
882.457045321539	-176.832019618565	153.97
882.15515588286	-178.33194035082	154.85
881.852715088022	-179.82154735149	155.73
881.545744327902	-181.320436402976	156.61
881.238257166813	-182.809009913621	157.49
880.926208610675	-184.306850070262	158.37
880.613678614688	-185.794372995274	159.26
880.298636804677	-187.281365970635	160.13
879.978986604656	-188.777602310877	161.01
879.658907359376	-190.263519107864	161.89
879.334188425872	-191.758663599362	162.77
879.006928217175	-193.253253908456	163.64
878.679291483559	-194.737522624563	164.52
878.346968163284	-196.230995304941	165.4
878.014303298916	-197.714145175602	166.27
877.67692068365	-199.206483075392	167.15
877.33923150904	-200.68849706729	168.03
876.996793473472	-202.179683047652	168.92
876.65408386683	-203.660544140511	169.8
876.418157544155	-204.673430437147	170.38
876.279233146255	-205.267400131175	170.81
876.149054725533	-205.822335774217	171.29
876.032281404242	-206.318787166072	171.82
875.926715159327	-206.766510030496	172.4
875.834732424393	-207.155790358589	173.03
875.756411074284	-207.486646467407	173.69
875.696433944451	-207.739634102336	174.39
875.650247959563	-207.934228178904	175.1
875.620203880727	-208.060708822868	175.84
875.608643601199	-208.109354068644	176.58
875.615580093218	-208.080166998246	177.32
875.638694706691	-207.98287509399	178.06
875.67796473968	-207.817472964551	178.78
875.733351596598	-207.583951454322	179.46
875.804800784651	-207.28229765843	180.16
875.892241908833	-206.912494943923	180.8
875.993294450026	-206.484256248728	181.4
876.048325771279	-206.250650697981	181.68

